19.5    860.0   1.0     21.0    98.5    856.0   1316.0  
37.5    695.0   84.0    1720.0  98.5    546.0   670.0   
60.4    3000.0  548.0   7121.0  91.1    24.0    200.0   
35.4    819.0   301.0   5257.0  96.7    536.0   1196.0  
67.1    3900.0  3.0     192.0   74.0    27.0    235.0   
45.1    740.0   72.0    1380.0  85.0    456.0   365.0   
27.3    900.0   2.0     257.0   97.5    645.0   1947.0  
127.9   1700.0  11.0    1164.0  80.1    257.0   379.0   
78.9    2600.0  24.0    948.0   79.4    326.0   357.0   
29.9    1400.0  62.0    1042.0  60.5    78.0    467.0   
31.0    620.0   108.0   1821.0  97.5    398.0   680.0   
23.7    830.0   107.0   1434.0  98.5    570.0   1057.0  
76.3    5400.0  127.0   1497.0  39.4    89.0    219.0   
21.0    1600.0  13.0    1512.0  98.5    529.0   794.0   
27.4    1014.0  83.0    1288.0  96.4    667.0   943.0   
91.9    6400.0  36.0    1365.0  29.4    135.0   189.0   
41.5    3300.0  3082.0  98143.0 57.5    176.0   272.0   
47.6    650.0   108.0   1370.0  97.5    258.0   490.0   
22.4    840.0   2.0     79.0    98.5    445.0   572.0   
225.0   5200.0  138.0   2279.0  19.3    220.0   73.0    
30.5    1000.0  40.0    598.0   98.5    362.0   550.0   
48.7    746.0   164.0   2323.0  87.5    362.0   516.0   
58.7    4300.0  143.0   3410.0  77.0    42.0    316.0   
37.7    930.0   254.0   7563.0  98.0    750.0   306.0   
31.5    910.0   123.0   2286.0  96.5    36.0    1388.0  
68.9    6400.0  54.0    2980.0  38.4    475.0   356.0   
38.3    980.0   1041.0  8050.0  57.6    142.0   377.0   
69.5    4500.0  352.0   4711.0  51.8    14.0    225.0   
77.7    1700.0  18.0    296.0   50.0    258.0   262.0   
16.5    900.0   346.0   4855.0  98.5    923.0   836.0   
22.8    700.0   9.0     170.0   98.5    839.0   1310.0  
71.7    2800.0  10.0    824.0   38.4    110.0   160.0   
20.2    946.0   11.0    3420.0  98.5    258.0   1130.0  
54.8    3200.0  15.0    838.0   65.7    371.0   329.0   
74.7    1100.0  96.0    1411.0  95.0    351.0   475.0   
77.5    1394.0  100.0   1087.0  55.9    272.0   224.0   
52.4    2200.0  271.0   4030.0  81.0    1192.0  563.0   
75.7    788.0   78.0    1248.0  89.0    226.0   360.0   
32.3    2400.0  2904.0  108214.0        50.0    437.0   400.0   
43.5    1000.0  61.0    1347.0  87.0    258.0   293.0   
16.6    1089.0  17.0    1705.0  98.5    401.0   1380.0  
21.1    765.0   133.0   2320.0  98.5    398.0   1428.0  
30.5    1500.0  305.0   10446.0 54.0    329.0   161.0   
45.4    2300.0  168.0   4383.0  73.8    61.0    423.0   
24.1    935.0   217.0   2677.0  98.5    460.0   1189.0  
26.4    780.0   20.0    399.0   98.0    1983.0  2577.0  
35.0    578.0   10.0    339.0   95.0    539.0   600.0   
33.8    798.0   217.0   3631.0  98.5    528.0   927.0   
100.0   1637.0  73.0    1215.0  77.0    524.0   265.0   